 # N=       10000 lambda=   3.5000000000000000     
           2   6441.0000000000000     
           3   1813.0000000000000     
           4   756.00000000000000     
           5   336.00000000000000     
           6   216.00000000000000     
           7   154.00000000000000     
           8   70.000000000000000     
           9   42.000000000000000     
          10   44.000000000000000     
          11   26.000000000000000     
          12   19.000000000000000     
          13   10.000000000000000     
          14   15.000000000000000     
          15   11.000000000000000     
          16   9.0000000000000000     
          17   6.0000000000000000     
          18   8.0000000000000000     
          19   3.0000000000000000     
          20   2.0000000000000000     
          21   3.0000000000000000     
          22   1.0000000000000000     
          23   1.0000000000000000     
          25   3.0000000000000000     
          26   2.0000000000000000     
          27   2.0000000000000000     
          29   1.0000000000000000     
          31   1.0000000000000000     
          34   2.0000000000000000     
          40   1.0000000000000000     
          41   1.0000000000000000     
          49   1.0000000000000000     
